{
  "nbformat": 4,
  "nbformat_minor": 0,
  "metadata": {
    "colab": {
      "provenance": []
    },
    "kernelspec": {
      "name": "python3",
      "display_name": "Python 3"
    },
    "language_info": {
      "name": "python"
    }
  },
  "cells": [
    {
      "cell_type": "code",
      "execution_count": null,
      "metadata": {
        "id": "BlE8-O_4x_6V"
      },
      "outputs": [],
      "source": [
        "import numpy as np\n"
      ]
    },
    {
      "cell_type": "code",
      "source": [
        "# ex 1 np\n",
        "vetor = np.random.randint(0, 101, 20)\n",
        "print(vetor)\n",
        "print(np.mean(vetor))\n",
        "print(np.std(vetor))\n",
        "print(np.max(vetor))"
      ],
      "metadata": {
        "colab": {
          "base_uri": "https://localhost:8080/"
        },
        "id": "cuIVb2yiyElS",
        "outputId": "b9b1ad1d-96a6-4700-8677-90c0fe605549"
      },
      "execution_count": null,
      "outputs": [
        {
          "output_type": "stream",
          "name": "stdout",
          "text": [
            "[13 92 74 12 82 12 84  5 56  4 77 47 84 37 83 13 56 17 32 29]\n",
            "45.45\n",
            "30.782259501212707\n",
            "92\n"
          ]
        }
      ]
    },
    {
      "cell_type": "code",
      "source": [
        "# ex 2 np\n",
        "matriz = np.random.randn(5, 5)\n",
        "print(\"Matriz:\\n\", matriz)\n",
        "print(\"Soma das linhas:\", np.sum(matriz, axis=1))\n",
        "print(\"Soma das colunas:\", np.sum(matriz, axis=0))\n",
        "print(\"Diagonal principal:\", np.diag(matriz))"
      ],
      "metadata": {
        "colab": {
          "base_uri": "https://localhost:8080/"
        },
        "id": "o3sliST_y2Aa",
        "outputId": "47e10456-e64f-42f7-edda-438e578cc56b"
      },
      "execution_count": null,
      "outputs": [
        {
          "output_type": "stream",
          "name": "stdout",
          "text": [
            "Matriz:\n",
            " [[ 1.70891047  0.36675272 -0.61026033 -0.51726581  0.26644244]\n",
            " [ 0.05640746 -0.0741083   0.20835493  1.11291697  1.27446988]\n",
            " [ 0.30947493  1.05856901 -0.41383606 -1.48270138  2.05455629]\n",
            " [ 2.46450828 -1.25924571 -1.83719699  0.19353185 -0.36958115]\n",
            " [ 0.86166849  1.17150891  0.83884468 -0.10573862  0.40763763]]\n",
            "Soma das linhas: [ 1.21457949  2.57804093  1.52606279 -0.80798371  3.17392108]\n",
            "Soma das colunas: [ 5.40096963  1.26347663 -1.81409377 -0.799257    3.63352508]\n",
            "Diagonal principal: [ 1.70891047 -0.0741083  -0.41383606  0.19353185  0.40763763]\n"
          ]
        }
      ]
    },
    {
      "cell_type": "code",
      "source": [
        "# ex 3 np\n",
        "def analisa_vetores(v1, v2):\n",
        "    produto_escalar = np.dot(v1, v2)\n",
        "    distancia = np.linalg.norm(v1 - v2)\n",
        "    return produto_escalar, distancia\n",
        "\n",
        "v1 = np.array([1, 2, 3])\n",
        "v2 = np.array([4, 5, 6])\n",
        "print(analisa_vetores(v1, v2))\n"
      ],
      "metadata": {
        "colab": {
          "base_uri": "https://localhost:8080/"
        },
        "id": "DxhWIXba55Ly",
        "outputId": "09d8dbcc-0a61-458e-bee7-5e9a23fb866b"
      },
      "execution_count": null,
      "outputs": [
        {
          "output_type": "stream",
          "name": "stdout",
          "text": [
            "(np.int64(32), np.float64(5.196152422706632))\n"
          ]
        }
      ]
    },
    {
      "cell_type": "code",
      "source": [
        "# ex 4 np\n",
        "A = np.random.randint(-5, 6, (4, 4))\n",
        "print(\"Matriz A:\\n\", A)\n",
        "\n",
        "det = np.linalg.det(A)\n",
        "print(\"Determinante:\", det)\n",
        "\n",
        "if det != 0:\n",
        "    A_inv = np.linalg.inv(A)\n",
        "    print(\"Inversa de A:\\n\", A_inv)\n",
        "\n",
        "    identidade = np.dot(A, A_inv)\n",
        "    print(\"A * A_inv:\\n\", identidade)\n",
        "else:\n",
        "    print(\"A não é invertível\")\n"
      ],
      "metadata": {
        "colab": {
          "base_uri": "https://localhost:8080/"
        },
        "collapsed": true,
        "id": "rtOJamRR5_bY",
        "outputId": "c4bfe671-d27b-499b-bb81-4f815156be0a"
      },
      "execution_count": null,
      "outputs": [
        {
          "output_type": "stream",
          "name": "stdout",
          "text": [
            "Matriz A:\n",
            " [[ 2 -3 -2  4]\n",
            " [ 2  3 -3 -4]\n",
            " [-3  0  4 -5]\n",
            " [ 5 -5  3 -2]]\n",
            "Determinante: 478.99999999999983\n",
            "Inversa de A:\n",
            " [[-0.27974948 -0.01878914 -0.27139875  0.1565762 ]\n",
            " [-0.46555324 -0.08350731 -0.31732777  0.02922756]\n",
            " [-0.42379958 -0.21503132 -0.217119    0.12526096]\n",
            " [-0.17118998 -0.16075157 -0.21085595  0.00626305]]\n",
            "A * A_inv:\n",
            " [[ 1.00000000e+00  1.11022302e-16  0.00000000e+00 -1.87350135e-16]\n",
            " [-2.22044605e-16  1.00000000e+00  0.00000000e+00 -9.02056208e-17]\n",
            " [-2.22044605e-16  8.32667268e-17  1.00000000e+00  2.27248775e-16]\n",
            " [ 2.77555756e-16  0.00000000e+00 -2.22044605e-16  1.00000000e+00]]\n"
          ]
        }
      ]
    },
    {
      "cell_type": "code",
      "source": [
        "# ex 5 np\n",
        "M = np.random.rand(5, 5)\n",
        "B = 0.5 * (M + M.T)\n",
        "print(\"Matriz simétrica B:\\n\", B)\n",
        "\n",
        "valores, vetores = np.linalg.eig(B)\n",
        "print(\"Autovalores:\", valores)\n",
        "print(\"Autovetores:\\n\", vetores)\n",
        "\n",
        "for i in range(len(valores)):\n",
        "    lado_esq = np.dot(B, vetores[:, i])\n",
        "    lado_dir = valores[i] * vetores[:, i]\n",
        "    print(\"Diferença vetor\", i, \":\", np.allclose(lado_esq, lado_dir))\n"
      ],
      "metadata": {
        "colab": {
          "base_uri": "https://localhost:8080/"
        },
        "collapsed": true,
        "id": "b4IV0PLE5_i5",
        "outputId": "24b0fd53-9b4d-4489-b9ec-ae782562164c"
      },
      "execution_count": null,
      "outputs": [
        {
          "output_type": "stream",
          "name": "stdout",
          "text": [
            "Matriz simétrica B:\n",
            " [[0.68837897 0.47233908 0.11167257 0.84947177 0.68629415]\n",
            " [0.47233908 0.22678402 0.35714963 0.44464788 0.31408052]\n",
            " [0.11167257 0.35714963 0.8339212  0.49625953 0.74570926]\n",
            " [0.84947177 0.44464788 0.49625953 0.49223202 0.31296293]\n",
            " [0.68629415 0.31408052 0.74570926 0.31296293 0.94639378]]\n",
            "Autovalores: [ 2.62081051 -0.4908837   0.78969566  0.35117371 -0.0830862 ]\n",
            "Autovetores:\n",
            " [[-0.48393857 -0.62014104  0.55766863 -0.2332217  -0.12586457]\n",
            " [-0.31219122  0.08769973  0.14196183  0.27097466  0.89513405]\n",
            " [-0.43717374 -0.38595835 -0.64864213  0.46468853 -0.15245733]\n",
            " [-0.43872436  0.57924017  0.35507863  0.43363389 -0.3973444 ]\n",
            " [-0.5336105   0.35107097 -0.34933522 -0.68425623  0.04203954]]\n",
            "Diferença vetor 0 : True\n",
            "Diferença vetor 1 : True\n",
            "Diferença vetor 2 : True\n",
            "Diferença vetor 3 : True\n",
            "Diferença vetor 4 : True\n"
          ]
        }
      ]
    },
    {
      "cell_type": "code",
      "source": [
        "# ex 6 np\n",
        "A = np.random.randint(1, 10, (3, 3))\n",
        "y = np.random.randint(1, 10, 3)\n",
        "print(\"A:\\n\", A)\n",
        "print(\"y:\", y)\n",
        "\n",
        "x = np.linalg.solve(A, y)\n",
        "print(\"Solução x:\", x)\n",
        "\n",
        "erro = np.linalg.norm(np.dot(A, x) - y)\n",
        "print(\"Erro:\", erro)\n"
      ],
      "metadata": {
        "colab": {
          "base_uri": "https://localhost:8080/"
        },
        "collapsed": true,
        "id": "fgwnmmnJ5_mx",
        "outputId": "280bb97c-8cda-4929-b971-f6a8b94398c7"
      },
      "execution_count": null,
      "outputs": [
        {
          "output_type": "stream",
          "name": "stdout",
          "text": [
            "A:\n",
            " [[6 4 5]\n",
            " [2 3 6]\n",
            " [5 1 9]]\n",
            "y: [6 9 6]\n",
            "Solução x: [-0.90825688  1.62385321  0.99082569]\n",
            "Erro: 8.881784197001252e-16\n"
          ]
        }
      ]
    },
    {
      "cell_type": "code",
      "source": [
        "# ex 7 np\n",
        "dados = np.random.randn(2, 100)\n",
        "print(\"Shape dos dados:\", dados.shape)\n",
        "\n",
        "S = np.cov(dados)\n",
        "print(\"Matriz de covariância:\\n\", S)\n",
        "\n",
        "valores, vetores = np.linalg.eig(S)\n",
        "print(\"Autovalores:\", valores)\n",
        "print(\"Autovetores:\\n\", vetores)\n",
        "\n",
        "for i in range(len(valores)):\n",
        "    print(f\"Direção {i}: {vetores[:, i]} (variância {valores[i]})\")\n"
      ],
      "metadata": {
        "colab": {
          "base_uri": "https://localhost:8080/"
        },
        "collapsed": true,
        "id": "XDD1V_cj5_pp",
        "outputId": "cef1df64-4c15-4676-f4a4-b4ddf5529ba4"
      },
      "execution_count": null,
      "outputs": [
        {
          "output_type": "stream",
          "name": "stdout",
          "text": [
            "Shape dos dados: (2, 100)\n",
            "Matriz de covariância:\n",
            " [[1.00581346 0.08435599]\n",
            " [0.08435599 1.3292371 ]]\n",
            "Autovalores: [0.98513382 1.34991674]\n",
            "Autovetores:\n",
            " [[-0.97124134 -0.23809717]\n",
            " [ 0.23809717 -0.97124134]]\n",
            "Direção 0: [-0.97124134  0.23809717] (variância 0.9851338168655578)\n",
            "Direção 1: [-0.23809717 -0.97124134] (variância 1.3499167442255033)\n"
          ]
        }
      ]
    },
    {
      "cell_type": "code",
      "source": [
        "import pandas as pd\n"
      ],
      "metadata": {
        "id": "9kNp_3Ql5_sg"
      },
      "execution_count": null,
      "outputs": []
    },
    {
      "cell_type": "code",
      "source": [
        "# ex 1 pd\n",
        "df = pd.read_csv('https://raw.githubusercontent.com/mwaskom/seaborn-data/master/iris.csv')\n",
        "print(df.head())\n",
        "print(df.info())\n",
        "print(df.isna().sum())\n"
      ],
      "metadata": {
        "colab": {
          "base_uri": "https://localhost:8080/"
        },
        "collapsed": true,
        "id": "qr2Ow19L5_vQ",
        "outputId": "96b4e6f3-58de-410a-8829-e3a1fa313fc3"
      },
      "execution_count": null,
      "outputs": [
        {
          "output_type": "stream",
          "name": "stdout",
          "text": [
            "   sepal_length  sepal_width  petal_length  petal_width species\n",
            "0           5.1          3.5           1.4          0.2  setosa\n",
            "1           4.9          3.0           1.4          0.2  setosa\n",
            "2           4.7          3.2           1.3          0.2  setosa\n",
            "3           4.6          3.1           1.5          0.2  setosa\n",
            "4           5.0          3.6           1.4          0.2  setosa\n",
            "<class 'pandas.core.frame.DataFrame'>\n",
            "RangeIndex: 150 entries, 0 to 149\n",
            "Data columns (total 5 columns):\n",
            " #   Column        Non-Null Count  Dtype  \n",
            "---  ------        --------------  -----  \n",
            " 0   sepal_length  150 non-null    float64\n",
            " 1   sepal_width   150 non-null    float64\n",
            " 2   petal_length  150 non-null    float64\n",
            " 3   petal_width   150 non-null    float64\n",
            " 4   species       150 non-null    object \n",
            "dtypes: float64(4), object(1)\n",
            "memory usage: 6.0+ KB\n",
            "None\n",
            "sepal_length    0\n",
            "sepal_width     0\n",
            "petal_length    0\n",
            "petal_width     0\n",
            "species         0\n",
            "dtype: int64\n"
          ]
        }
      ]
    },
    {
      "cell_type": "code",
      "source": [
        "#ex 2 pd\n",
        "estatisticas = df.groupby('species')['petal_length'].agg(['mean', 'std'])\n",
        "print(estatisticas.sort_values('mean'))"
      ],
      "metadata": {
        "colab": {
          "base_uri": "https://localhost:8080/"
        },
        "id": "5uIzYyVz5_xo",
        "outputId": "337385c2-3af2-4a34-a364-70c46a65bce0"
      },
      "execution_count": null,
      "outputs": [
        {
          "output_type": "stream",
          "name": "stdout",
          "text": [
            "             mean       std\n",
            "species                    \n",
            "setosa      1.462  0.173664\n",
            "versicolor  4.260  0.469911\n",
            "virginica   5.552  0.551895\n"
          ]
        }
      ]
    },
    {
      "cell_type": "code",
      "source": [
        "# ex 3 pd\n",
        "\n",
        "dados = {\n",
        "    \"nome\": [\"Ana\", \"Bruno\", \"Carla\"],\n",
        "    \"idade\": [20, 25, 34],\n",
        "    \"cidade\": [\"SP\", \"RJ\", \"BH\"]\n",
        "}\n",
        "df2 = pd.DataFrame(dados)\n",
        "\n",
        "df2[\"idade_quadrado\"] = df2[\"idade\"] ** 2\n",
        "print(df2)\n",
        "\n",
        "df2 = df2.drop(columns=[\"idade_quadrado\"])\n",
        "print(df2)\n"
      ],
      "metadata": {
        "colab": {
          "base_uri": "https://localhost:8080/"
        },
        "id": "Hh8UPcr35_0Z",
        "outputId": "79bfe18a-24c6-4c52-f0ff-7dc84865533e"
      },
      "execution_count": null,
      "outputs": [
        {
          "output_type": "stream",
          "name": "stdout",
          "text": [
            "    nome  idade cidade  idade_quadrado\n",
            "0    Ana     20     SP             400\n",
            "1  Bruno     25     RJ             625\n",
            "2  Carla     34     BH            1156\n",
            "    nome  idade cidade\n",
            "0    Ana     20     SP\n",
            "1  Bruno     25     RJ\n",
            "2  Carla     34     BH\n"
          ]
        }
      ]
    },
    {
      "cell_type": "code",
      "source": [
        "# ex 4 pd\n",
        "novo_df = pd.DataFrame({\n",
        "    'nome': ['Ana', 'João', 'Maria'],\n",
        "    'idade': [25, 30, 35],\n",
        "    'cidade': ['São Paulo', 'Rio', 'Belo Horizonte']\n",
        "})\n",
        "\n",
        "novo_df['idade_quadrado'] = novo_df['idade']**2\n",
        "novo_df = novo_df.drop('idade_quadrado', axis=1)\n",
        "print(novo_df)"
      ],
      "metadata": {
        "colab": {
          "base_uri": "https://localhost:8080/"
        },
        "id": "YMWvvXQN9ldQ",
        "outputId": "ae7d0a0b-a1f1-4b55-90ce-e1b2287fb563"
      },
      "execution_count": null,
      "outputs": [
        {
          "output_type": "stream",
          "name": "stdout",
          "text": [
            "    nome  idade          cidade\n",
            "0    Ana     25       São Paulo\n",
            "1   João     30             Rio\n",
            "2  Maria     35  Belo Horizonte\n"
          ]
        }
      ]
    },
    {
      "cell_type": "code",
      "source": [
        "# ex 4 pd\n",
        "\n",
        "filtro = df2[df2[\"idade\"] > 30]\n",
        "print(filtro)\n",
        "\n",
        "print(\"Qtd de linhas:\", filtro.shape[0])\n"
      ],
      "metadata": {
        "colab": {
          "base_uri": "https://localhost:8080/"
        },
        "id": "Dyeo9u435_3R",
        "outputId": "671080f2-e142-4438-92c2-0d7e3ac4d041"
      },
      "execution_count": null,
      "outputs": [
        {
          "output_type": "stream",
          "name": "stdout",
          "text": [
            "    nome  idade cidade\n",
            "2  Carla     34     BH\n",
            "Qtd de linhas: 1\n"
          ]
        }
      ]
    },
    {
      "cell_type": "code",
      "source": [
        "# ex 5 pd\n",
        "\n",
        "notas = pd.DataFrame({\n",
        "    \"Matemática\": [7, 8, 9],\n",
        "    \"Português\": [6, 9, 8],\n",
        "    \"História\": [5, 7, 6]\n",
        "}, index=[\"Aluno1\", \"Aluno2\", \"Aluno3\"])\n",
        "\n",
        "print(notas)\n",
        "\n",
        "media_aluno = notas.mean(axis=1)\n",
        "print(\"Média por aluno:\\n\", media_aluno)\n",
        "\n",
        "media_disc = notas.mean(axis=0)\n",
        "print(\"Média por disciplina:\\n\", media_disc)\n",
        "\n",
        "print(\"Aluno com maior média:\", media_aluno.idxmax())\n"
      ],
      "metadata": {
        "colab": {
          "base_uri": "https://localhost:8080/"
        },
        "id": "5I9YsKKx5_5o",
        "outputId": "6f46a98d-e790-43a0-91c0-6c384f10c8e9"
      },
      "execution_count": null,
      "outputs": [
        {
          "output_type": "stream",
          "name": "stdout",
          "text": [
            "        Matemática  Português  História\n",
            "Aluno1           7          6         5\n",
            "Aluno2           8          9         7\n",
            "Aluno3           9          8         6\n",
            "Média por aluno:\n",
            " Aluno1    6.000000\n",
            "Aluno2    8.000000\n",
            "Aluno3    7.666667\n",
            "dtype: float64\n",
            "Média por disciplina:\n",
            " Matemática    8.000000\n",
            "Português     7.666667\n",
            "História      6.000000\n",
            "dtype: float64\n",
            "Aluno com maior média: Aluno2\n"
          ]
        }
      ]
    },
    {
      "cell_type": "code",
      "source": [
        "# ex 6 pd\n",
        "\n",
        "petalas = df[['petal_length', 'petal_width']]\n",
        "normalizado = (petalas - petalas.min()) / (petalas.max() - petalas.min())\n",
        "print(normalizado.head())\n"
      ],
      "metadata": {
        "colab": {
          "base_uri": "https://localhost:8080/"
        },
        "id": "0hmPKdRO8ANo",
        "outputId": "6f7d00ea-867e-47dc-f709-93ca06294c7c"
      },
      "execution_count": null,
      "outputs": [
        {
          "output_type": "stream",
          "name": "stdout",
          "text": [
            "   petal_length  petal_width\n",
            "0      0.067797     0.041667\n",
            "1      0.067797     0.041667\n",
            "2      0.050847     0.041667\n",
            "3      0.084746     0.041667\n",
            "4      0.067797     0.041667\n"
          ]
        }
      ]
    },
    {
      "cell_type": "code",
      "source": [
        "# ex 7 pd\n",
        "\n",
        "vendas = pd.DataFrame({\n",
        "    'produto': ['A', 'B', 'A', 'C'],\n",
        "    'preço': [10, 20, 10, 30],\n",
        "    'quantidade': [2, 1, 3, 2]\n",
        "})\n",
        "\n",
        "vendas['receita'] = vendas['preço'] * vendas['quantidade']\n",
        "receita_total = vendas.groupby('produto')['receita'].sum()\n",
        "print(receita_total.sort_values(ascending=False))"
      ],
      "metadata": {
        "colab": {
          "base_uri": "https://localhost:8080/"
        },
        "id": "vDUY6nrL8Avg",
        "outputId": "f2bf4a20-2a71-425f-8883-487ee6712e28"
      },
      "execution_count": null,
      "outputs": [
        {
          "output_type": "stream",
          "name": "stdout",
          "text": [
            "produto\n",
            "C    60\n",
            "A    50\n",
            "B    20\n",
            "Name: receita, dtype: int64\n"
          ]
        }
      ]
    },
    {
      "cell_type": "code",
      "source": [
        "# ex 8 pd\n",
        "setosa = df[df['species'] == 'setosa']\n",
        "setosa.to_csv('setosa.csv', index=False)\n",
        "setosa_lido = pd.read_csv('setosa.csv')\n",
        "print(\"Número de linhas:\", len(setosa_lido))\n"
      ],
      "metadata": {
        "colab": {
          "base_uri": "https://localhost:8080/"
        },
        "id": "KE0WnFQT8AyA",
        "outputId": "f518581e-7db2-43c6-855c-7b1bac153121"
      },
      "execution_count": null,
      "outputs": [
        {
          "output_type": "stream",
          "name": "stdout",
          "text": [
            "Número de linhas: 50\n"
          ]
        }
      ]
    },
    {
      "cell_type": "code",
      "source": [
        "import matplotlib.pyplot as plt"
      ],
      "metadata": {
        "id": "W47zfqCG8A0J"
      },
      "execution_count": null,
      "outputs": []
    },
    {
      "cell_type": "code",
      "source": [
        "# ex 1 plt\n",
        "\n",
        "plt.hist(df['sepal_length'], bins=20)\n",
        "plt.title('Distribuição do Comprimento da Sépala')\n",
        "plt.xlabel('Comprimento (cm)')\n",
        "plt.ylabel('Frequência')\n",
        "plt.show()"
      ],
      "metadata": {
        "colab": {
          "base_uri": "https://localhost:8080/",
          "height": 472
        },
        "id": "oHXGLQMU-rNH",
        "outputId": "0a26f473-ec62-4b75-9cec-c8f1436f8207"
      },
      "execution_count": null,
      "outputs": [
        {
          "output_type": "display_data",
          "data": {
            "text/plain": [
              "<Figure size 640x480 with 1 Axes>"
            ],
